0.00015428943505608854, 1.442278483473468
0.00029770125583789865, 1.3874463530938268
0.000805022758898398, 1.3307652220988495
0.001151523564193204, 1.275059367302743
0.0015398260866679048, 1.222611407412553
0.0019702948337970375, 1.1709554493630365
0.0023997137993995044, 1.126401263341418
0.0028709782230788104, 1.084809065057887
0.003596801412157454, 1.0374058886152877
0.004274332000045993, 1.0306556475958333
0.004436464924720019, 1.0780124586876711
0.0047097921880654686, 1.138255847737108
0.005143562009715221, 1.2038030042765322
0.005586506751211855, 1.2072818280518076
0.006183386259028378, 1.1693919576730365
0.007135039679480844, 1.1291309869167303
0.007851656956148029, 1.1440058079376334
0.008267802989577692, 1.1892430080650391
0.008556760214892269, 1.2367729602072821
0.008827292328237852, 1.283367399470913
0.00914431091766645, 1.2666436187306345
0.009828667736441773, 1.2137139257620961
0.010258086702044237, 1.1691597397404778
0.010688613770369297, 1.1171092388005226
0.01120251515407015, 1.0731245175991235
0.011970732803132737, 1.0249693309930572
0.012782840434274792, 0.9659449272472715
0.013546235728346982, 0.9504129721512734
0.013874584061409843, 1.0175085920042353
0.014077347419245592, 1.0760470343849682
0.014660267772525047, 1.1372420072401261
0.015104723886477078, 1.133984768447664
0.015640549874046367, 1.084703357890271
0.01619655916120573, 1.0419051814199847
0.01696141892323015, 1.0164661006270594
0.017632335357308, 1.0544606101369114
0.017963094299802473, 1.1052484571850707
0.018209306948603017, 1.1558989578168242
0.018793817879953184, 1.206333670023652
0.01945908851929816, 1.119066831399773
0.019478247865319757, 1.1529090050652906
0.020206564904082368, 1.0886349355106262
0.02076302548621021, 1.0427837485786113
0.021465163312717153, 0.9966973212513627
0.022136160552088356, 0.9642227023315795
0.02297889388032738, 0.9268526670271043
0.023434011285625563, 0.9944950480918715
0.02359512358937088, 1.048756359766388
0.023841166134683317, 1.100557610495255
0.024472393669451857, 1.1210010122046585
0.02515670277088506, 1.0683941270555701
0.025628200479348072, 1.0252237572102838
0.026352607170289297, 0.987403190667281
0.027024089143236736, 1.0215718297243934
0.027355917307656512, 1.0651263904478419
0.027602713168416323, 1.1118314621752077
0.027808246783058543, 1.1516291172600988
0.028342485138072068, 1.1925454052835132
0.029102155975771093, 1.1227520332108392
0.029849828847441584, 1.07055900984834
0.030406268600570878, 1.0248487310914818
0.0310887006515655, 0.9849400921593435
0.03189860385932215, 0.9408286126157993
0.032662822940286794, 0.9197237391923534
0.03308811325122767, 0.9984487391656822
0.03323620048788287, 1.0454757924955558
0.033482461737680026, 1.095797507385277
0.03411303050803095, 1.1206974503798641
0.03479767469124438, 1.0658237369875279
0.035269131574870244, 1.0229295471655484
0.03599394916514641, 0.9823292466217269
0.03662548818812046, 1.000665430620833
0.03695723859094568, 1.0447460485315327
0.037245928510778924, 1.0940843222549534
0.037451559327414355, 1.1332244058557799
0.037993208598031396, 1.1875717412942872
0.03873089794134475, 1.1314056593608306
0.039318615212989114, 1.0886378515704227
0.039832862358065824, 1.0423140546614222
0.040473650297969545, 0.9980813156313489
0.04129323394059541, 0.9664943791869799
0.042092287344049385, 0.9177691407616441
0.04267951993120943, 0.9497918514146625
0.042798397968905076, 1.0037214612873504
0.04300125852873403, 1.0616023321840184
0.04426535101002946, 1.0914120450576283
0.044694711654435997, 1.0472524019264486
0.045251278117306434, 1.0006849317707205
0.04605663529093369, 0.9873273731125773
0.046682298011590975, 1.0454167422846807
0.046971512822187554, 1.0912041299941526
0.0472174921862044, 1.1434328021876612
0.047819707135136016, 1.1885184401071545
0.04848661001054878, 1.13924606933513
0.04895774807163691, 1.0985087139808827
0.049514666891732735, 1.0495575471954202
0.050156272948412635, 0.9997902481744696
0.050890204698309696, 0.961098549268154
0.0518176118610398, 0.9166464577400704
0.05232305928021607, 0.9298528065475262
0.0524812717244973, 1.0037316674966372
0.052724937681075744, 1.0716105410108843
0.05331039589003246, 1.115636920209373
0.05394948353143375, 1.0829067005482784
0.05433631344371132, 1.0404209486416673
0.055020108258234994, 0.9912932144355392
0.05578111276198327, 0.9919349558807096
0.05623888207750529, 1.0416371642812075
0.05652711028787081, 1.094098902553935
0.05677254532072567, 1.1500099750582056
0.05735931840755417, 1.1851412054540749
0.05808627885995337, 1.13004444264792
0.05859999139406743, 1.087337288901275
0.059114578746120354, 1.0387119917980485
0.05971285701432696, 0.9960106701709962
0.06043731967005216, 0.9578115018644409
0.06128886804086935, 0.9180170058443292
0.061848822214116785, 0.9438805121976055
0.06199343447951473, 1.0144157460827894
0.06227913543805678, 1.0839743429411972
0.06286593680182875, 1.1189142798144296
0.06354826298260047, 1.0797218529402595
0.06402036334342139, 1.0324745398937725
0.06473719888274604, 0.9886635117112399
0.06546264651866911, 1.0010102546917445
0.06583614517757794, 1.0487104318245963
0.06608381585627664, 1.0894973601953808
0.0663302229090636, 1.1388327178590052
0.06698823874509718, 1.182372198387507
0.06759808682769557, 1.1431286571509076
0.06824072808560316, 1.0863582218246686
0.06875458642270703, 1.042664710851927
0.06939577937091579, 0.9956920906382508
0.07020501998508541, 0.9560630567110805
0.07109833413780013, 0.9197695577819027
0.07163924997519569, 0.9790785689638066
0.07184021509615705, 1.0497820837997351
0.07239159340263991, 1.1098241195129326
0.07269257937461421, 1.1188865772463648
0.07327396393640094, 1.076052574898581
0.07374615177901575, 1.0282134475164357
0.07447124330218187, 0.9857599909720686
0.07518770593931441, 1.0016809484448925
0.07556149620420287, 1.0474084111255504
0.07580838926695589, 1.0934559113688518
0.0760543103097768, 1.1460791264527994
0.0766402262517561, 1.1870089417536023
0.07749613221738402, 1.1177353168387874
0.0782237615962274, 1.058113266637751
0.0787797431113887, 1.0155029677343403
0.07950447561836171, 0.9754782557363104
0.08039918638698798, 0.9297366501656406
0.08107792316324682, 0.9148265448212024
0.08128178490360582, 0.965934429432005
0.08144187658642245, 1.0271002416891999
0.08164595217116652, 1.0767614690350604
0.08223137326663492, 1.1210389209820104
0.08286987106866833, 1.0922989646446717
0.08329960108064907, 1.0456405498740464
0.08389847471106408, 0.9989116029070984
0.08476317843540926, 0.9927125023963932
0.0852038367286266, 1.035579414561878
0.08545121580134565, 1.0783390573848561
0.0858900341996915, 1.1132209646681424
0.08628032229379115, 1.1903638685492401
0.08696336776931261, 1.146305412692992
0.08769177034582924, 1.0814526802323505
0.08824839755994546, 1.0344742278990822
0.08893111195958703, 0.9926555003703752
0.08969845689464996, 0.9504042239718844
0.09054810835384208, 0.9234423350953368
0.09108441151483258, 1.0139561021573984
0.09128751507964455, 1.070193044343905
0.091872662242223, 1.1163236522914006
0.09255465970352678, 1.0793550126178855
0.09302628863468063, 1.0352969212691119
0.09375215998292863, 0.9875679480457717
0.09442774211268055, 0.9939990263205217
0.09480195034613982, 1.0368989316197017
0.09509034865999345, 1.0882099197953163
0.09529549346666283, 1.130637860816466
0.09583672741967252, 1.1877948198687038
0.09634775364415604, 1.1632605507725722
0.09669225164656348, 1.1211036575094881
0.09746227169830016, 1.0607552168131948
0.09810344034601062, 1.0139469894705349
0.09896765192740684, 0.983834711092561
0.09968699620388957, 0.9421218434774592
